-90.9045 -33.033203 261.65298 -32.659 -18.095499 267.3387 -52.2472 -65.0654 236.2486
-307.913 -4.5953 258.31708 -322.78772 -34.907997 203.3617 -363.19647 -13.274401 238.77371
-271.2786 -10.188499 247.27708 -223.32309 -4.2729 257.34128 -225.38632 -21.2588 229.23149
-90.9045 -33.033203 261.65298 -112.5387 -91.916695 214.9926 -154.867 -50.103497 217.9489
-52.2472 -65.0654 236.2486 -32.659 -18.095499 267.3387 -20.7481 -60.011295 220.08899
25.444498 -18.338501 254.04579 87.2591 -6.0513997 250.19199 69.124405 -53.6488 199.207
-363.19647 -13.274401 238.77371 -362.1132 -32.8267 203.0957 -393.51428 -23.545 204.8544
-363.19647 -13.274401 238.77371 -322.78772 -34.907997 203.3617 -362.1132 -32.8267 203.0957
-187.5759 -19.6338 246.65662 -154.867 -50.103497 217.9489 -219.23721 -35.3187 195.68199
-362.1132 -32.8267 203.0957 -371.9087 -36.1895 185.4891 -393.51428 -23.545 204.8544
-293.6655 -18.1164 215.3177 -294.49002 -15.623901 172.49251 -322.78772 -34.907997 203.3617
-293.6655 -18.1164 215.3177 -272.60858 -26.4754 232.45522 -260.1128 -32.7335 173.8256
-225.38632 -21.2588 229.23149 -219.23721 -35.3187 195.68199 -260.1128 -32.7335 173.8256
-112.5387 -91.916695 214.9926 -111.0502 -100.77129 157.4761 -154.867 -50.103497 217.9489
-112.5387 -91.916695 214.9926 -64.3312 -77.143105 215.775 -76.3699 -110.5413 186.70021
-64.3312 -77.143105 215.775 -20.7481 -60.011295 220.08899 -9.2381 -82.34979 191.4897
-20.7481 -60.011295 220.08899 25.444498 -18.338501 254.04579 39.3725 -66.296 176.6351
25.444498 -18.338501 254.04579 69.124405 -53.6488 199.207 39.3725 -66.296 176.6351
-449.94614 -7.3036003 206.7663 -452.1173 -21.2288 173.1476 -466.3127 -9.1372 154.99869
-393.51428 -23.545 204.8544 -396.66827 2.0779 161.5193 -452.1173 -21.2288 173.1476
-362.1132 -32.8267 203.0957 -340.2453 -1.6836001 170.6307 -371.9087 -36.1895 185.4891
-362.1132 -32.8267 203.0957 -322.78772 -34.907997 203.3617 -340.2453 -1.6836001 170.6307
-322.78772 -34.907997 203.3617 -288.9267 12.9842 147.0996 -340.2453 -1.6836001 170.6307
-219.23721 -35.3187 195.68199 -230.7565 -12.49 154.5178 -260.1128 -32.7335 173.8256
-154.867 -50.103497 217.9489 -161.6394 -60.7864 163.3906 -200.7296 -33.086098 156.5135
-9.2381 -82.34979 191.4897 -14.861899 -90.178604 171.7604 -76.3699 -110.5413 186.70021
39.3725 -66.296 176.6351 69.124405 -53.6488 199.207 82.6176 -56.8282 158.81
102.70911 -36.1275 202.0567 128.9053 0.050299995 200.3294 127.7502 -5.0452 142.8822
-494.75867 -1.0907 182.5605 -502.45978 -22.8013 151.89331 -534.65784 -7.1328998 164.4786
-494.75867 -1.0907 182.5605 -466.3127 -9.1372 154.99869 -502.45978 -22.8013 151.89331
-396.66827 2.0779 161.5193 -371.9087 -36.1895 185.4891 -363.75302 13.082001 154.456
-294.49002 -15.623901 172.49251 -260.1128 -32.7335 173.8256 -259.8746 -1.3988 147.8907
-200.7296 -33.086098 156.5135 -161.6394 -60.7864 163.3906 -174.1562 -25.221899 114.93071
-111.0502 -100.77129 157.4761 -76.3699 -110.5413 186.70021 -65.308304 -92.3349 133.9111
-14.861899 -90.178604 171.7604 11.1584 -75.4659 166.165 -65.308304 -92.3349 133.9111
39.3725 -66.296 176.6351 61.2632 -57.980198 142.4971 11.1584 -75.4659 166.165
69.124405 -53.6488 199.207 102.70911 -36.1275 202.0567 99.5776 -38.3663 123.0021
-605.719 -4.2585998 156.323 -579.1783 -29.175499 136.8247 -620.5604 -12.4408 125.87349
-534.65784 -7.1328998 164.4786 -522.5925 -22.205898 129.5408 -579.1783 -29.175499 136.8247
-534.65784 -7.1328998 164.4786 -502.45978 -22.8013 151.89331 -522.5925 -22.205898 129.5408
-502.45978 -22.8013 151.89331 -466.3127 -9.1372 154.99869 -522.5925 -22.205898 129.5408
-174.1562 -25.221899 114.93071 -161.6394 -60.7864 163.3906 -137.8869 -50.8494 98.756
-161.6394 -60.7864 163.3906 -111.0502 -100.77129 157.4761 -100.393906 -82.490906 111.4614
11.1584 -75.4659 166.165 11.5553 -50.969795 120.863 -20.987999 -60.0515 120.7706
11.1584 -75.4659 166.165 61.2632 -57.980198 142.4971 59.528397 -68.1552 121.4943
82.6176 -56.8282 158.81 99.5776 -38.3663 123.0021 61.2632 -57.980198 142.4971
-620.5604 -12.4408 125.87349 -579.1783 -29.175499 136.8247 -595.79626 -18.1473 107.34691
-579.1783 -29.175499 136.8247 -522.5925 -22.205898 129.5408 -560.27313 -14.5245 105.3286
11.5553 -50.969795 120.863 59.528397 -68.1552 121.4943 41.3488 -62.331005 102.444
-174.1562 -25.221899 114.93071 -137.8869 -50.8494 98.756 -166.5625 -4.6985 79.9478
99.5776 -38.3663 123.0021 127.7502 -5.0452 142.8822 79.4954 -54.582794 84.914894
127.7502 -5.0452 142.8822 144.5157 6.3089995 103.913994 79.4954 -54.582794 84.914894
41.3488 -62.331005 102.444 79.4954 -54.582794 84.914894 60.220802 -63.4692 54.919502
-166.5625 -4.6985 79.9478 -137.8869 -50.8494 98.756 -154.643 7.1523004 40.7898
-137.8869 -50.8494 98.756 -72.3882 -87.3304 83.1785 -108.1006 -41.1718 31.910099
-43.2749 -72.2713 65.1088 -20.987999 -60.0515 120.7706 -14.5704 -65.4695 30.171099
41.3488 -62.331005 102.444 60.220802 -63.4692 54.919502 -14.5704 -65.4695 30.171099
79.4954 -54.582794 84.914894 91.047806 -43.6773 35.9709 60.220802 -63.4692 54.919502
-108.1006 -41.1718 31.910099 -72.3882 -87.3304 83.1785 -69.1354 -54.1512 20.9407
-72.3882 -87.3304 83.1785 -43.2749 -72.2713 65.1088 -69.1354 -54.1512 20.9407
60.220802 -63.4692 54.919502 91.047806 -43.6773 35.9709 29.0563 -35.9682 -0.1322
91.047806 -43.6773 35.9709 102.71191 -12.651401 10.5973 29.0563 -35.9682 -0.1322
-101.855896 -10.4735 -7.7183003 -69.1354 -54.1512 20.9407 -41.901596 -35.950897 -14.753499
-69.1354 -54.1512 20.9407 -14.5704 -65.4695 30.171099 -41.901596 -35.950897 -14.753499
-322.78772 -34.907997 203.3617 -307.913 -4.5953 258.31708 -293.6655 -18.1164 215.3177
-293.6655 -18.1164 215.3177 -307.913 -4.5953 258.31708 -271.2786 -10.188499 247.27708
-272.60858 -26.4754 232.45522 -271.2786 -10.188499 247.27708 -225.38632 -21.2588 229.23149
-223.32309 -4.2729 257.34128 -187.5759 -19.6338 246.65662 -225.38632 -21.2588 229.23149
-112.5387 -91.916695 214.9926 -90.9045 -33.033203 261.65298 -64.3312 -77.143105 215.775
-64.3312 -77.143105 215.775 -90.9045 -33.033203 261.65298 -52.2472 -65.0654 236.2486
-20.7481 -60.011295 220.08899 -32.659 -18.095499 267.3387 25.444498 -18.338501 254.04579
69.124405 -53.6488 199.207 87.2591 -6.0513997 250.19199 103.276505 -18.0915 226.17271
-271.2786 -10.188499 247.27708 -272.60858 -26.4754 232.45522 -293.6655 -18.1164 215.3177
-225.38632 -21.2588 229.23149 -187.5759 -19.6338 246.65662 -219.23721 -35.3187 195.68199
-64.3312 -77.143105 215.775 -52.2472 -65.0654 236.2486 -20.7481 -60.011295 220.08899
69.124405 -53.6488 199.207 103.276505 -18.0915 226.17271 102.70911 -36.1275 202.0567
102.70911 -36.1275 202.0567 103.276505 -18.0915 226.17271 128.9053 0.050299995 200.3294
-294.49002 -15.623901 172.49251 -293.6655 -18.1164 215.3177 -260.1128 -32.7335 173.8256
-272.60858 -26.4754 232.45522 -225.38632 -21.2588 229.23149 -260.1128 -32.7335 173.8256
-111.0502 -100.77129 157.4761 -112.5387 -91.916695 214.9926 -76.3699 -110.5413 186.70021
-76.3699 -110.5413 186.70021 -64.3312 -77.143105 215.775 -9.2381 -82.34979 191.4897
-9.2381 -82.34979 191.4897 -20.7481 -60.011295 220.08899 39.3725 -66.296 176.6351
-494.75867 -1.0907 182.5605 -449.94614 -7.3036003 206.7663 -466.3127 -9.1372 154.99869
-449.94614 -7.3036003 206.7663 -418.9054 -17.927399 216.28731 -452.1173 -21.2288 173.1476
-418.9054 -17.927399 216.28731 -393.51428 -23.545 204.8544 -452.1173 -21.2288 173.1476
-396.66827 2.0779 161.5193 -393.51428 -23.545 204.8544 -371.9087 -36.1895 185.4891
-288.9267 12.9842 147.0996 -322.78772 -34.907997 203.3617 -294.49002 -15.623901 172.49251
-230.7565 -12.49 154.5178 -219.23721 -35.3187 195.68199 -200.7296 -33.086098 156.5135
-219.23721 -35.3187 195.68199 -154.867 -50.103497 217.9489 -200.7296 -33.086098 156.5135
-161.6394 -60.7864 163.3906 -154.867 -50.103497 217.9489 -111.0502 -100.77129 157.4761
-14.861899 -90.178604 171.7604 -9.2381 -82.34979 191.4897 11.1584 -75.4659 166.165
11.1584 -75.4659 166.165 -9.2381 -82.34979 191.4897 39.3725 -66.296 176.6351
-466.3127 -9.1372 154.99869 -452.1173 -21.2288 173.1476 -431.0733 2.7919002 145.6745
-452.1173 -21.2288 173.1476 -396.66827 2.0779 161.5193 -431.0733 2.7919002 145.6745
-371.9087 -36.1895 185.4891 -340.2453 -1.6836001 170.6307 -363.75302 13.082001 154.456
-260.1128 -32.7335 173.8256 -230.7565 -12.49 154.5178 -259.8746 -1.3988 147.8907
-76.3699 -110.5413 186.70021 -14.861899 -90.178604 171.7604 -65.308304 -92.3349 133.9111
39.3725 -66.296 176.6351 82.6176 -56.8282 158.81 61.2632 -57.980198 142.4971
82.6176 -56.8282 158.81 69.124405 -53.6488 199.207 99.5776 -38.3663 123.0021
102.70911 -36.1275 202.0567 127.7502 -5.0452 142.8822 99.5776 -38.3663 123.0021
-137.8869 -50.8494 98.756 -161.6394 -60.7864 163.3906 -100.393906 -82.490906 111.4614
-100.393906 -82.490906 111.4614 -111.0502 -100.77129 157.4761 -65.308304 -92.3349 133.9111
-65.308304 -92.3349 133.9111 11.1584 -75.4659 166.165 -20.987999 -60.0515 120.7706
11.5553 -50.969795 120.863 11.1584 -75.4659 166.165 59.528397 -68.1552 121.4943
-595.79626 -18.1473 107.34691 -579.1783 -29.175499 136.8247 -560.27313 -14.5245 105.3286
-100.393906 -82.490906 111.4614 -65.308304 -92.3349 133.9111 -50.505104 -89.839096 111.11111
-50.505104 -89.839096 111.11111 -65.308304 -92.3349 133.9111 -20.987999 -60.0515 120.7706
59.528397 -68.1552 121.4943 61.2632 -57.980198 142.4971 99.5776 -38.3663 123.0021
-137.8869 -50.8494 98.756 -100.393906 -82.490906 111.4614 -72.3882 -87.3304 83.1785
-100.393906 -82.490906 111.4614 -50.505104 -89.839096 111.11111 -72.3882 -87.3304 83.1785
-50.505104 -89.839096 111.11111 -20.987999 -60.0515 120.7706 -72.3882 -87.3304 83.1785
-20.987999 -60.0515 120.7706 11.5553 -50.969795 120.863 41.3488 -62.331005 102.444
41.3488 -62.331005 102.444 59.528397 -68.1552 121.4943 79.4954 -54.582794 84.914894
59.528397 -68.1552 121.4943 99.5776 -38.3663 123.0021 79.4954 -54.582794 84.914894
-72.3882 -87.3304 83.1785 -20.987999 -60.0515 120.7706 -43.2749 -72.2713 65.1088
79.4954 -54.582794 84.914894 144.5157 6.3089995 103.913994 129.6172 -4.3033 46.206
-154.643 7.1523004 40.7898 -137.8869 -50.8494 98.756 -108.1006 -41.1718 31.910099
-20.987999 -60.0515 120.7706 41.3488 -62.331005 102.444 -14.5704 -65.4695 30.171099
91.047806 -43.6773 35.9709 79.4954 -54.582794 84.914894 129.6172 -4.3033 46.206
-101.855896 -10.4735 -7.7183003 -154.643 7.1523004 40.7898 -108.1006 -41.1718 31.910099
-69.1354 -54.1512 20.9407 -43.2749 -72.2713 65.1088 -14.5704 -65.4695 30.171099
-14.5704 -65.4695 30.171099 60.220802 -63.4692 54.919502 29.0563 -35.9682 -0.1322
91.047806 -43.6773 35.9709 129.6172 -4.3033 46.206 102.71191 -12.651401 10.5973
-101.855896 -10.4735 -7.7183003 -108.1006 -41.1718 31.910099 -69.1354 -54.1512 20.9407
-14.5704 -65.4695 30.171099 29.0563 -35.9682 -0.1322 -41.901596 -35.950897 -14.753499
-41.901596 -35.950897 -14.753499 29.0563 -35.9682 -0.1322 -21.7728 -4.48 -51.511803
29.0563 -35.9682 -0.1322 102.71191 -12.651401 10.5973 78.667 -3.1527 -30.099201