-960.927 352.59708 999.4109 -977.75024 402.51398 938.49194 -999.84125 358.30798 1000.12213
-977.75024 402.51398 938.49194 -925.2747 334.2683 998.9564 -937.3419 397.88922 923.6927
-937.3419 397.88922 923.6927 -925.2747 334.2683 998.9564 -874.3877 372.58142 891.8667
-977.75024 402.51398 938.49194 -937.3419 397.88922 923.6927 -941.35626 428.3519 875.0093
-999.92993 429.63882 899.4508 -977.75024 402.51398 938.49194 -941.35626 428.3519 875.0093
-941.35626 428.3519 875.0093 -937.3419 397.88922 923.6927 -843.9501 367.4062 841.7163
-563.57214 311.1787 879.6052 -527.62726 297.8425 873.6421 -518.7347 355.1963 826.0436
-941.35626 428.3519 875.0093 -843.9501 367.4062 841.7163 -919.5708 424.42963 833.38855
-563.57214 311.1787 879.6052 -574.4297 383.599 813.8046 -610.9918 319.4581 833.22327
-919.5708 424.42963 833.38855 -843.9501 367.4062 841.7163 -861.14594 375.39612 810.73395
-554.32227 367.4207 833.5651 -543.0948 383.5027 809.55444 -574.4297 383.599 813.8046
-527.62726 297.8425 873.6421 -488.2161 309.706 835.74036 -518.7347 355.1963 826.0436
-35.857998 325.97278 854.088 -46.279697 347.5785 814.483 -87.2528 320.8289 801.2516
173.23401 373.8305 872.32983 170.07889 417.62946 811.2816 152.044 421.22302 794.56
295.4308 337.1209 835.68555 320.03677 331.5823 841.19476 302.59943 350.3331 791.21826
320.03677 331.5823 841.19476 356.696 292.0964 835.2528 302.59943 350.3331 791.21826
953.56537 321.1858 841.81024 999.8001 295.2924 817.666 967.08997 311.11108 785.5227
-919.5708 424.42963 833.38855 -878.35876 395.21042 780.229 -936.12317 436.6922 802.6043
-919.5708 424.42963 833.38855 -861.14594 375.39612 810.73395 -878.35876 395.21042 780.229
-574.4297 383.599 813.8046 -543.0948 383.5027 809.55444 -555.55566 377.7452 797.98004
-554.32227 367.4207 833.5651 -518.7347 355.1963 826.0436 -509.50372 351.9934 790.3508
-29.0223 367.07098 812.10626 5.3957996 351.0379 844.96826 -11.795 371.1671 793.6842
9.9372 376.69897 808.0488 41.2756 400.56238 819.00037 43.811398 385.00308 792.13245
70.176 374.8793 826.2684 72.2059 411.8418 781.0283 43.811398 385.00308 792.13245
238.7875 387.7868 810.0725 258.5339 359.91272 829.3405 272.7273 380.57712 797.98004
258.5339 359.91272 829.3405 295.4308 337.1209 835.68555 302.59943 350.3331 791.21826
302.59943 350.3331 791.21826 356.696 292.0964 835.2528 342.4561 313.0044 797.1355
-878.35876 395.21042 780.229 -932.84546 418.95758 755.66724 -936.12317 436.6922 802.6043
-612.91516 335.24176 793.4834 -574.4297 383.599 813.8046 -579.5708 380.56943 773.73584
-555.55566 377.7452 797.98004 -555.69324 397.88712 771.77576 -579.5708 380.56943 773.73584
-555.55566 377.7452 797.98004 -543.0948 383.5027 809.55444 -536.5906 392.28772 770.5213
-29.0223 367.07098 812.10626 -57.069595 349.00452 742.9309 -57.6775 354.1239 773.1185
9.9372 376.69897 808.0488 6.2167997 408.0269 770.22314 -11.795 371.1671 793.6842
152.044 421.22302 794.56 170.07889 417.62946 811.2816 190.3784 420.4906 774.8764
272.7273 380.57712 797.98004 272.7273 358.60828 777.778 263.59387 380.6208 767.8595
342.4561 313.0044 797.1355 373.73743 284.9288 797.98004 370.0376 299.0402 766.2573
-936.12317 436.6922 802.6043 -932.84546 418.95758 755.66724 -1000.1889 438.00055 745.3661
-509.50372 351.9934 790.3508 -493.3496 347.9953 758.32434 -536.5906 392.28772 770.5213
-11.795 371.1671 793.6842 6.2167997 408.0269 770.22314 -28.2164 372.9268 743.73224
6.2167997 408.0269 770.22314 9.9372 376.69897 808.0488 33.8307 403.92072 756.0068
9.9372 376.69897 808.0488 43.811398 385.00308 792.13245 33.8307 403.92072 756.0068
43.811398 385.00308 792.13245 72.2059 411.8418 781.0283 76.7301 398.1596 750.5655
116.30591 414.86438 816.50604 110.4169 394.70242 746.9501 76.7301 398.1596 750.5655
152.044 421.22302 794.56 132.34239 421.4806 756.77075 110.4169 394.70242 746.9501
272.7273 358.60828 777.778 302.59943 350.3331 791.21826 296.4263 344.2826 758.4539
-555.69324 397.88712 771.77576 -533.3689 368.9677 731.4968 -576.37146 390.91068 745.60376
-493.3496 347.9953 758.32434 -480.05402 322.2673 735.3476 -533.3689 368.9677 731.4968
6.2167997 408.0269 770.22314 33.8307 403.92072 756.0068 45.475395 382.55377 724.3689
33.8307 403.92072 756.0068 73.5262 376.30914 729.0685 45.475395 382.55377 724.3689
110.4169 394.70242 746.9501 132.34239 421.4806 756.77075 130.0477 396.9333 722.9078
190.3784 420.4906 774.8764 154.5741 386.69742 714.01184 130.0477 396.9333 722.9078
190.3784 420.4906 774.8764 214.29779 406.54504 767.8214 154.5741 386.69742 714.01184
240.5476 379.7559 759.5951 252.1636 361.44977 729.55023 216.68588 395.3563 736.0312
296.4263 344.2826 758.4539 317.6698 312.5772 729.1085 252.1636 361.44977 729.55023
-932.84546 418.95758 755.66724 -914.4113 381.12338 712.6986 -1000.0117 421.14273 719.89453
-602.34216 350.56158 732.34106 -576.37146 390.91068 745.60376 -553.0813 370.6273 708.2583
-576.37146 390.91068 745.60376 -533.3689 368.9677 731.4968 -553.0813 370.6273 708.2583
-533.3689 368.9677 731.4968 -532.8962 364.2077 712.3425 -553.0813 370.6273 708.2583
-533.3689 368.9677 731.4968 -480.05402 322.2673 735.3476 -494.3802 348.4851 716.9744
-57.069595 349.00452 742.9309 -28.2164 372.9268 743.73224 -12.7547 351.4888 720.99084
-28.2164 372.9268 743.73224 45.475395 382.55377 724.3689 28.7458 352.1643 713.8297
110.4169 394.70242 746.9501 107.796394 370.22913 707.5006 73.5262 376.30914 729.0685
216.68588 395.3563 736.0312 229.7303 353.96808 717.50415 190.9878 368.68048 703.996
370.0376 299.0402 766.2573 364.70422 262.83432 707.0533 330.3564 260.6411 698.386
-914.4113 381.12338 712.6986 -959.8969 390.96378 680.3987 -1000.0117 421.14273 719.89453
-602.34216 350.56158 732.34106 -553.0813 370.6273 708.2583 -586.6108 349.2656 699.516
-67.4446 287.1424 719.5587 -12.7547 351.4888 720.99084 -11.4189005 268.7924 672.83167
-12.7547 351.4888 720.99084 28.7458 352.1643 713.8297 5.6651998 337.7396 693.6522
28.7458 352.1643 713.8297 45.475395 382.55377 724.3689 49.818096 340.54266 695.79395
107.796394 370.22913 707.5006 130.0477 396.9333 722.9078 134.1208 343.7123 683.82574
229.7303 353.96808 717.50415 235.3112 331.9848 690.9482 190.9878 368.68048 703.996
294.9367 318.4226 706.4828 239.8926 278.20898 662.9625 235.3112 331.9848 690.9482
317.6698 312.5772 729.1085 330.3564 260.6411 698.386 294.9367 318.4226 706.4828
-586.6108 349.2656 699.516 -553.0813 370.6273 708.2583 -565.7717 328.90012 673.9816
49.818096 340.54266 695.79395 107.796394 370.22913 707.5006 97.7483 315.6022 677.3014
134.1208 343.7123 683.82574 154.5741 386.69742 714.01184 156.7274 327.8188 669.8939
190.9878 368.68048 703.996 185.63998 307.2938 668.02234 156.7274 327.8188 669.8939
190.9878 368.68048 703.996 235.3112 331.9848 690.9482 185.63998 307.2938 668.02234
330.3564 260.6411 698.386 316.1874 255.2077 664.94073 304.3614 267.51968 676.6772
364.70422 262.83432 707.0533 354.22217 207.428 659.8329 316.1874 255.2077 664.94073
-959.8969 390.96378 680.3987 -953.1068 353.74988 640.71216 -999.9744 377.7345 655.81067
-914.4113 381.12338 712.6986 -926.86676 327.29648 625.42896 -953.1068 353.74988 640.71216
-628.79956 266.1454 686.5149 -565.7717 328.90012 673.9816 -578.161 316.4181 653.34564
-565.7717 328.90012 673.9816 -532.8962 364.2077 712.3425 -542.9163 322.8968 658.26917
-514.3694 311.47202 680.63196 -503.93448 308.5737 669.6354 -542.9163 322.8968 658.26917
-11.4189005 268.7924 672.83167 5.6651998 337.7396 693.6522 10.101 242.165 656.5658
49.818096 340.54266 695.79395 51.7775 236.2656 642.6458 28.8542 253.54509 647.87964
185.63998 307.2938 668.02234 235.3112 331.9848 690.9482 221.84761 257.2266 633.0463
235.3112 331.9848 690.9482 239.8926 278.20898 662.9625 221.84761 257.2266 633.0463
294.9367 318.4226 706.4828 304.3614 267.51968 676.6772 221.84761 257.2266 633.0463
-868.9607 330.80447 683.1316 -828.4685 263.7345 647.8897 -926.86676 327.29648 625.42896
-602.362 239.7339 620.3588 -578.161 316.4181 653.34564 -576.6144 272.89258 624.21643
-542.9163 322.8968 658.26917 -503.93448 308.5737 669.6354 -515.1516 294.9904 636.36365
-515.1516 294.9904 636.36365 -518.4989 265.1471 601.4682 -554.5349 268.9853 599.2616
871.127 453.6289 196.70981 916.83875 421.89844 176.6395 903.7594 467.6212 165.7565
739.1594 384.3956 175.7976 784.87866 438.72064 174.5513 699.43475 385.65182 142.3524
784.87866 438.72064 174.5513 824.1879 473.33002 169.948 826.8574 462.144 146.72571
871.84485 457.69193 172.6394 855.16675 503.80493 137.9326 826.8574 462.144 146.72571
784.87866 438.72064 174.5513 755.7578 449.7282 124.5347 733.8412 407.90768 131.24971
791.8637 494.05542 144.4246 826.8574 462.144 146.72571 806.47003 493.98138 128.5581
826.8574 462.144 146.72571 855.16675 503.80493 137.9326 806.47003 493.98138 128.5581
855.16675 503.80493 137.9326 885.7651 480.57132 151.44681 878.48193 532.7777 114.843796
885.7651 480.57132 151.44681 903.7594 467.6212 165.7565 920.1842 474.239 114.611496
755.7578 449.7282 124.5347 791.8637 494.05542 144.4246 781.77 474.16998 104.041
806.47003 493.98138 128.5581 797.98004 514.2748 111.11111 781.77 474.16998 104.041
806.47003 493.98138 128.5581 819.5238 541.6055 110.68559 797.98004 514.2748 111.11111
855.16675 503.80493 137.9326 878.48193 532.7777 114.843796 819.5238 541.6055 110.68559
755.7578 449.7282 124.5347 757.5759 481.59753 90.9091 737.1144 435.858 106.043304
797.98004 514.2748 111.11111 795.04095 537.3917 77.2919 781.77 474.16998 104.041
797.98004 514.2748 111.11111 819.5238 541.6055 110.68559 831.88934 518.2685 90.484604
897.14874 514.612 120.32109 901.2799 517.8466 79.4088 878.59863 526.5106 85.74141
897.14874 514.612 120.32109 920.1842 474.239 114.611496 927.7533 482.9862 87.4581
757.5759 481.59753 90.9091 745.2394 462.4863 53.3377 737.3739 455.197 70.7071
781.77 474.16998 104.041 795.04095 537.3917 77.2919 745.2394 462.4863 53.3377
831.88934 518.2685 90.484604 830.3074 581.7132 68.3921 795.04095 537.3917 77.2919
901.2799 517.8466 79.4088 927.7533 482.9862 87.4581 922.37854 538.0982 58.9301
830.3074 581.7132 68.3921 831.88934 518.2685 90.484604 862.1395 577.87036 46.949
878.59863 526.5106 85.74141 878.1757 578.0036 43.778 862.1395 577.87036 46.949
878.59863 526.5106 85.74141 901.2799 517.8466 79.4088 898.99 530.11975 50.505104
745.2394 462.4863 53.3377 775.1101 559.45667 20.2653 746.9809 508.8316 30.181698
797.98004 542.7999 50.505104 798.3631 522.2677 14.651299 775.1101 559.45667 20.2653
797.98004 542.7999 50.505104 830.3074 581.7132 68.3921 821.3787 541.2306 34.232
878.1757 578.0036 43.778 898.99 530.11975 50.505104 909.191 544.5493 15.763999
898.99 530.11975 50.505104 922.37854 538.0982 58.9301 919.19214 519.9436 30.303001
717.17194 426.4592 30.303001 746.9809 508.8316 30.181698 746.8377 484.62213 11.5137005
821.3787 541.2306 34.232 818.18207 596.8419 10.101 798.3631 522.2677 14.651299
821.3787 541.2306 34.232 838.3839 583.6721 30.303001 845.44727 538.6259 9.179899
862.1395 577.87036 46.949 878.1757 578.0036 43.778 878.7881 586.2976 10.101
939.3873 515.084 38.9467 963.3436 481.41406 1.4052 909.191 544.5493 15.763999
694.18854 413.1023 18.0977 746.8377 484.62213 11.5137005 717.17194 430.7306 -10.101
746.8377 484.62213 11.5137005 740.6354 492.9485 -19.7624 717.17194 430.7306 -10.101
746.8377 484.62213 11.5137005 775.1101 559.45667 20.2653 777.778 508.70306 -10.101
798.3631 522.2677 14.651299 818.51624 563.00806 -10.9422 777.778 508.70306 -10.101
798.3631 522.2677 14.651299 818.18207 596.8419 10.101 818.51624 563.00806 -10.9422
845.44727 538.6259 9.179899 858.58606 583.9912 -10.101 818.51624 563.00806 -10.9422
878.7881 586.2976 10.101 887.67957 538.85767 -10.416601 858.58606 583.9912 -10.101
777.778 508.70306 -10.101 818.51624 563.00806 -10.9422 815.63043 528.4999 -50.523903
818.51624 563.00806 -10.9422 858.58606 583.9912 -10.101 873.72833 578.1444 -37.7282
858.58606 583.9912 -10.101 887.67957 538.85767 -10.416601 890.55005 571.8489 -33.8519
690.1511 380.8621 -30.235802 725.848 441.80524 -46.5983 676.7992 363.4296 -61.181904
740.6354 492.9485 -19.7624 776.98663 544.582 -31.2874 761.706 477.60193 -52.1192
776.98663 544.582 -31.2874 815.63043 528.4999 -50.523903 797.8551 547.08673 -62.1376
818.1805 567.50964 -30.233099 873.72833 578.1444 -37.7282 848.5108 531.0483 -48.819397
890.55005 571.8489 -33.8519 918.4265 525.09467 -36.436302 873.72833 578.1444 -37.7282
942.9839 521.2808 -13.1514 944.2781 482.9434 -48.941696 918.4265 525.09467 -36.436302
761.706 477.60193 -52.1192 774.81744 484.90088 -72.9254 735.80566 467.713 -78.8322
815.63043 528.4999 -50.523903 818.18207 517.5039 -70.7071 797.8551 547.08673 -62.1376
848.5108 531.0483 -48.819397 838.3839 558.9617 -70.7071 818.18207 517.5039 -70.7071
848.5108 531.0483 -48.819397 873.72833 578.1444 -37.7282 877.24396 543.9577 -69.9551
918.4265 525.09467 -36.436302 894.80707 481.1876 -87.985306 877.24396 543.9577 -69.9551
918.4265 525.09467 -36.436302 918.5936 478.9917 -107.870804 894.80707 481.1876 -87.985306
-393.219 300.13782 -68.1224 -358.325 300.9557 -87.7892 -379.6843 329.9742 -109.479706
676.7992 363.4296 -61.181904 725.848 441.80524 -46.5983 701.76465 362.5103 -99.9552
735.80566 467.713 -78.8322 774.81744 484.90088 -72.9254 773.5003 455.8213 -107.8814
774.81744 484.90088 -72.9254 797.8551 547.08673 -62.1376 810.73517 512.3797 -109.7913
797.8551 547.08673 -62.1376 818.18207 517.5039 -70.7071 825.6074 536.96643 -91.6
818.18207 517.5039 -70.7071 838.3839 558.9617 -70.7071 825.6074 536.96643 -91.6
877.24396 543.9577 -69.9551 858.9837 520.8755 -100.154305 825.6074 536.96643 -91.6
-409.25214 328.0753 -86.848404 -408.08594 349.91718 -126.9545 -437.6046 332.9285 -145.28659
-379.6843 329.9742 -109.479706 -358.325 300.9557 -87.7892 -349.8169 341.07843 -125.1778
-313.08997 264.9007 -108.75469 -298.7835 240.37149 -65.0598 -288.14572 217.27719 -142.16719
701.76465 362.5103 -99.9552 735.80566 467.713 -78.8322 748.489 464.75647 -106.861404
735.80566 467.713 -78.8322 773.5003 455.8213 -107.8814 748.489 464.75647 -106.861404
894.80707 481.1876 -87.985306 918.5936 478.9917 -107.870804 864.78955 477.93048 -127.68089
1000.0001 379.89868 -90.9091 1000.0001 351.24557 -111.111206 971.52185 405.92972 -103.412796
-379.6843 329.9742 -109.479706 -375.4975 364.1526 -137.61969 -408.08594 349.91718 -126.9545
715.07336 406.16458 -123.7249 748.489 464.75647 -106.861404 756.7218 437.77542 -131.22668
773.5003 455.8213 -107.8814 781.7556 434.61288 -135.3903 756.7218 437.77542 -131.22668
773.5003 455.8213 -107.8814 810.73517 512.3797 -109.7913 811.2973 475.8618 -146.4399
810.73517 512.3797 -109.7913 858.9837 520.8755 -100.154305 864.78955 477.93048 -127.68089
918.5936 478.9917 -107.870804 937.5882 434.73505 -116.3437 892.9651 455.23608 -131.9107
971.52185 405.92972 -103.412796 946.60583 385.47205 -142.03061 926.5195 420.1695 -147.8795
971.52185 405.92972 -103.412796 976.0255 379.2609 -133.7326 946.60583 385.47205 -142.03061
-408.08594 349.91718 -126.9545 -416.933 368.38428 -164.5473 -437.6046 332.9285 -145.28659
-408.08594 349.91718 -126.9545 -393.1578 383.7979 -157.06169 -416.933 368.38428 -164.5473
696.0884 347.9229 -138.4905 715.07336 406.16458 -123.7249 717.2285 339.8796 -162.3564
715.07336 406.16458 -123.7249 756.7218 437.77542 -131.22668 748.9206 390.6043 -150.9698
756.7218 437.77542 -131.22668 781.7556 434.61288 -135.3903 788.22235 438.24902 -166.2406
834.2239 460.6232 -132.48569 840.09 448.59863 -157.0347 811.2973 475.8618 -146.4399
834.2239 460.6232 -132.48569 864.78955 477.93048 -127.68089 870.26154 476.52588 -153.08519
864.78955 477.93048 -127.68089 892.9651 455.23608 -131.9107 870.26154 476.52588 -153.08519
892.9651 455.23608 -131.9107 882.7942 424.3277 -168.685 870.26154 476.52588 -153.08519
937.5882 434.73505 -116.3437 926.5195 420.1695 -147.8795 882.7942 424.3277 -168.685
-375.4975 364.1526 -137.61969 -342.24 317.1607 -176.39499 -393.1578 383.7979 -157.06169
781.7556 434.61288 -135.3903 811.2973 475.8618 -146.4399 817.031 438.1052 -183.8112
840.09 448.59863 -157.0347 870.26154 476.52588 -153.08519 858.58606 425.90607 -171.71721
870.26154 476.52588 -153.08519 882.7942 424.3277 -168.685 858.58606 425.90607 -171.71721
926.5195 420.1695 -147.8795 946.60583 385.47205 -142.03061 898.99 431.47476 -171.71721
-416.933 368.38428 -164.5473 -393.1578 383.7979 -157.06169 -397.67682 352.7925 -190.8803
-281.26782 209.4014 -155.9575 -277.23102 208.8372 -176.52371 -325.16678 255.35431 -188.28409
737.6034 376.0449 -181.88829 788.22235 438.24902 -166.2406 789.9881 397.68823 -190.2583
840.09 448.59863 -157.0347 837.55646 425.59207 -192.286 817.031 438.1052 -183.8112
858.58606 425.90607 -171.71721 854.0332 430.9792 -199.43082 837.55646 425.59207 -192.286
882.7942 424.3277 -168.685 878.7881 388.3316 -191.91931 854.0332 430.9792 -199.43082
882.7942 424.3277 -168.685 898.99 431.47476 -171.71721 902.86804 410.51022 -196.89252
976.0255 379.2609 -133.7326 960.65247 363.3648 -188.4075 902.86804 410.51022 -196.89252
-437.41766 315.7548 -190.59 -397.67682 352.7925 -190.8803 -404.5029 277.887 -220.8035
-342.24 317.1607 -176.39499 -358.60742 256.8345 -219.74821 -404.5029 277.887 -220.8035
-277.23102 208.8372 -176.52371 -277.238 187.4972 -205.93568 -325.16678 255.35431 -188.28409
789.9881 397.68823 -190.2583 817.031 438.1052 -183.8112 804.97736 397.1771 -213.74878
878.7881 388.3316 -191.91931 902.86804 410.51022 -196.89252 897.5012 385.33432 -212.70781
902.86804 410.51022 -196.89252 923.0554 359.64963 -215.92691 897.5012 385.33432 -212.70781
-455.37775 241.8503 -230.5686 -437.41766 315.7548 -190.59 -405.43054 225.28342 -253.2233
-325.16678 255.35431 -188.28409 -339.3219 218.8656 -245.99979 -358.60742 256.8345 -219.74821
-325.16678 255.35431 -188.28409 -294.0834 192.88638 -232.36462 -339.3219 218.8656 -245.99979
837.55646 425.59207 -192.286 835.23804 349.097 -246.9673 816.06006 330.246 -255.7482
837.55646 425.59207 -192.286 854.0332 430.9792 -199.43082 865.7323 354.75967 -247.6912
-358.60742 256.8345 -219.74821 -339.3219 218.8656 -245.99979 -405.43054 225.28342 -253.2233
656.5658 301.7129 -474.7475 659.33594 334.6197 -515.3042 634.2447 290.0141 -482.18033
744.878 277.0257 -471.44397 734.0696 312.88928 -501.515 695.157 327.69922 -500.68518
800.5824 257.5961 -462.7522 837.0415 240.58731 -475.2689 837.29034 230.63942 -497.71887
617.50757 310.0743 -499.3071 634.2447 290.0141 -482.18033 632.0701 316.7139 -523.4116
659.33594 334.6197 -515.3042 692.45044 279.9921 -476.44446 678.67444 335.6836 -519.5599
695.157 327.69922 -500.68518 734.0696 312.88928 -501.515 717.7246 316.6561 -525.1916
800.5824 257.5961 -462.7522 837.29034 230.63942 -497.71887 835.04065 251.94858 -545.6451
617.50757 310.0743 -499.3071 632.0701 316.7139 -523.4116 585.6852 316.1484 -549.1857
678.67444 335.6836 -519.5599 688.1975 352.1745 -548.2348 659.33594 334.6197 -515.3042
734.0696 312.88928 -501.515 752.5637 329.7327 -539.1674 717.7246 316.6561 -525.1916
734.0696 312.88928 -501.515 770.2784 296.2207 -514.12085 752.5637 329.7327 -539.1674
786.1484 275.3578 -500.6742 835.04065 251.94858 -545.6451 811.2983 295.4084 -560.03577
-960.3041 245.2869 -534.4265 -978.75635 284.0636 -571.445 -1000.77966 255.1366 -546.3727
-892.833 237.2456 -520.5677 -863.00507 217.09369 -526.1147 -864.64294 230.3051 -558.9789
578.9415 270.38812 -518.0248 585.6852 316.1484 -549.1857 558.098 288.7063 -575.0669
632.0701 316.7139 -523.4116 620.6008 345.56778 -561.1788 585.6852 316.1484 -549.1857
659.33594 334.6197 -515.3042 672.97723 350.6187 -562.7499 620.6008 345.56778 -561.1788
678.67444 335.6836 -519.5599 717.7246 316.6561 -525.1916 688.1975 352.1745 -548.2348
717.7246 316.6561 -525.1916 752.5637 329.7327 -539.1674 750.624 326.1731 -564.3384
835.04065 251.94858 -545.6451 867.7466 225.7946 -538.0333 862.2387 258.12732 -572.31006
-948.1888 257.04602 -557.18085 -915.10986 251.446 -550.67065 -896.5641 277.86868 -584.45074
-915.10986 251.446 -550.67065 -864.64294 230.3051 -558.9789 -896.5641 277.86868 -584.45074
688.1975 352.1745 -548.2348 750.624 326.1731 -564.3384 725.1861 366.8139 -575.4863
752.5637 329.7327 -539.1674 811.2983 295.4084 -560.03577 819.63745 326.5528 -598.1666
811.2983 295.4084 -560.03577 835.04065 251.94858 -545.6451 830.5254 300.9639 -578.6865
-1000.16675 304.712 -583.1239 -978.75635 284.0636 -571.445 -972.44275 334.9427 -598.51855
-978.75635 284.0636 -571.445 -948.1888 257.04602 -557.18085 -972.44275 334.9427 -598.51855
-948.1888 257.04602 -557.18085 -896.5641 277.86868 -584.45074 -881.23975 355.52002 -634.8297
-864.64294 230.3051 -558.9789 -839.2334 218.31711 -557.63 -808.5375 309.0618 -629.3081
-246.13791 284.1671 -576.0725 -226.45969 467.8703 -614.50146 -270.8225 435.5691 -631.9623
-193.03261 262.8911 -567.9817 -163.70209 357.24573 -593.5383 -226.45969 467.8703 -614.50146
-125.36469 351.34128 -610.2582 -79.341896 232.734 -591.0165 -83.05429 339.9001 -615.9058
558.098 288.7063 -575.0669 577.65 323.56714 -605.1466 539.3302 279.2702 -591.2815
620.6008 345.56778 -561.1788 623.415 367.48712 -592.3223 577.65 323.56714 -605.1466
648.47424 373.3224 -572.8323 672.97723 350.6187 -562.7499 686.0216 379.9561 -597.8021
672.97723 350.6187 -562.7499 725.1861 366.8139 -575.4863 718.48975 358.67242 -600.8159
725.1861 366.8139 -575.4863 750.88586 355.1082 -597.0686 718.48975 358.67242 -600.8159
725.1861 366.8139 -575.4863 750.624 326.1731 -564.3384 750.88586 355.1082 -597.0686
750.624 326.1731 -564.3384 795.79553 322.8947 -591.21954 773.7078 355.4102 -613.0214
830.5254 300.9639 -578.6865 862.2387 258.12732 -572.31006 861.75793 286.2212 -603.0042
-972.44275 334.9427 -598.51855 -961.7774 388.5585 -635.2994 -1000.16675 304.712 -583.1239
-312.9559 289.24512 -596.0218 -316.79858 375.9998 -628.34875 -334.8208 300.777 -597.25336
-298.35413 284.0857 -579.1526 -293.7115 388.3651 -630.14734 -316.79858 375.9998 -628.34875
577.65 323.56714 -605.1466 623.415 367.48712 -592.3223 605.8406 336.62268 -616.1623
686.0216 379.9561 -597.8021 718.48975 358.67242 -600.8159 670.6333 358.3406 -616.012
750.88586 355.1082 -597.0686 737.3739 339.0312 -616.1617 718.48975 358.67242 -600.8159
750.88586 355.1082 -597.0686 773.7078 355.4102 -613.0214 737.3739 339.0312 -616.1617
773.7078 355.4102 -613.0214 795.79553 322.8947 -591.21954 809.9921 338.7523 -620.2547
-881.23975 355.52002 -634.8297 -864.64294 230.3051 -558.9789 -846.2869 339.7122 -638.5876
-864.64294 230.3051 -558.9789 -808.5375 309.0618 -629.3081 -846.2869 339.7122 -638.5876
-334.8208 300.777 -597.25336 -316.79858 375.9998 -628.34875 -356.09668 326.6846 -655.24097
-226.45969 467.8703 -614.50146 -198.20432 466.3114 -634.1725 -244.48831 462.78592 -640.0737
-177.7142 429.99182 -615.9461 -163.70209 357.24573 -593.5383 -145.08609 433.5582 -639.6227
-163.70209 357.24573 -593.5383 -125.36469 351.34128 -610.2582 -145.08609 433.5582 -639.6227
-125.36469 351.34128 -610.2582 -83.05429 339.9001 -615.9058 -91.508194 379.68878 -646.3823
-83.05429 339.9001 -615.9058 -49.270702 258.2038 -611.49805 -48.291203 287.35712 -650.41284
577.65 323.56714 -605.1466 605.8406 336.62268 -616.1623 593.8541 284.5761 -651.15
670.6333 358.3406 -616.012 695.17224 324.6468 -653.02295 647.87665 334.3423 -632.4251
670.6333 358.3406 -616.012 718.48975 358.67242 -600.8159 706.63696 343.0169 -642.65106
737.3739 339.0312 -616.1617 760.5543 338.8125 -635.3677 706.63696 343.0169 -642.65106
737.3739 339.0312 -616.1617 773.7078 355.4102 -613.0214 760.5543 338.8125 -635.3677
809.9921 338.7523 -620.2547 772.5835 319.29102 -663.7163 760.5543 338.8125 -635.3677
-1000.0001 394.9173 -636.36365 -961.7774 388.5585 -635.2994 -957.9288 400.9928 -655.5226
-961.7774 388.5585 -635.2994 -936.9659 371.0162 -634.7019 -957.9288 400.9928 -655.5226
-936.9659 371.0162 -634.7019 -881.23975 355.52002 -634.8297 -881.3312 363.9427 -660.7089
-881.23975 355.52002 -634.8297 -846.2869 339.7122 -638.5876 -881.3312 363.9427 -660.7089
-846.2869 339.7122 -638.5876 -846.4298 321.4667 -676.2139 -881.3312 363.9427 -660.7089
-316.79858 375.9998 -628.34875 -325.47632 358.3701 -667.73065 -356.09668 326.6846 -655.24097
-316.79858 375.9998 -628.34875 -297.56628 410.1918 -663.69696 -325.47632 358.3701 -667.73065
-270.8225 435.5691 -631.9623 -244.48831 462.78592 -640.0737 -247.53302 433.48358 -666.3297
-198.20432 466.3114 -634.1725 -212.51471 439.9157 -671.35486 -244.48831 462.78592 -640.0737
-198.20432 466.3114 -634.1725 -177.7142 429.99182 -615.9461 -184.79291 455.11288 -650.6769
-177.7142 429.99182 -615.9461 -145.08609 433.5582 -639.6227 -144.75821 429.14993 -656.83606
-145.08609 433.5582 -639.6227 -111.11111 379.75342 -656.5658 -144.75821 429.14993 -656.83606
-91.508194 379.68878 -646.3823 -48.291203 287.35712 -650.41284 -72.5634 361.78137 -660.6739
559.27 268.6278 -653.7292 577.65 323.56714 -605.1466 593.8541 284.5761 -651.15
647.87665 334.3423 -632.4251 636.08606 292.79138 -672.5555 616.2256 305.6185 -652.2485
647.87665 334.3423 -632.4251 695.17224 324.6468 -653.02295 677.61487 321.324 -661.9264
760.5543 338.8125 -635.3677 772.5835 319.29102 -663.7163 737.55725 324.95874 -672.0436
809.9921 338.7523 -620.2547 820.0779 305.9983 -670.33704 772.5835 319.29102 -663.7163
809.9921 338.7523 -620.2547 819.63745 326.5528 -598.1666 848.1751 322.4184 -661.0691
819.63745 326.5528 -598.1666 861.75793 286.2212 -603.0042 848.1751 322.4184 -661.0691
-957.9288 400.9928 -655.5226 -964.3093 366.1042 -695.40576 -1000.0663 401.34332 -672.38776
-957.9288 400.9928 -655.5226 -924.5681 370.43658 -674.5054 -964.3093 366.1042 -695.40576
-881.3312 363.9427 -660.7089 -846.4298 321.4667 -676.2139 -899.2321 362.59872 -676.71265
-356.09668 326.6846 -655.24097 -325.47632 358.3701 -667.73065 -330.4581 355.2449 -678.50146
-144.75821 429.14993 -656.83606 -121.6828 397.8385 -675.8294 -171.93161 425.9851 -678.41956
-111.11111 379.75342 -656.5658 -91.508194 379.68878 -646.3823 -98.651306 370.33112 -686.2808
-48.291203 287.35712 -650.41284 -56.310997 272.5251 -694.60706 -72.5634 361.78137 -660.6739
66.252 228.3703 -658.4942 69.973206 247.81052 -697.49255 38.316597 218.9343 -690.09534
559.27 268.6278 -653.7292 593.8541 284.5761 -651.15 612.4712 267.75293 -677.9634
593.8541 284.5761 -651.15 616.2256 305.6185 -652.2485 612.4712 267.75293 -677.9634
-325.47632 358.3701 -667.73065 -297.56628 410.1918 -663.69696 -263.3244 389.8156 -698.2313
-297.56628 410.1918 -663.69696 -247.53302 433.48358 -666.3297 -263.3244 389.8156 -698.2313
-247.53302 433.48358 -666.3297 -206.0698 407.9801 -698.1493 -263.3244 389.8156 -698.2313
-247.53302 433.48358 -666.3297 -212.51471 439.9157 -671.35486 -206.0698 407.9801 -698.1493
-171.93161 425.9851 -678.41956 -161.06381 314.97958 -718.71936 -206.0698 407.9801 -698.1493
-121.6828 397.8385 -675.8294 -98.651306 370.33112 -686.2808 -161.06381 314.97958 -718.71936
106.52991 230.4715 -664.7676 89.9208 321.77737 -724.6632 69.973206 247.81052 -697.49255
106.52991 230.4715 -664.7676 121.0915 307.8133 -701.9166 89.9208 321.77737 -724.6632
106.52991 230.4715 -664.7676 142.4664 261.5113 -684.83185 121.0915 307.8133 -701.9166
142.4664 261.5113 -684.83185 189.3967 231.8747 -677.57446 183.1121 333.4264 -716.2664
559.27 268.6278 -653.7292 612.4712 267.75293 -677.9634 597.6564 241.745 -701.3607
612.4712 267.75293 -677.9634 636.08606 292.79138 -672.5555 641.2258 264.3388 -704.83
636.08606 292.79138 -672.5555 677.61487 321.324 -661.9264 687.5396 259.6589 -713.0838
677.61487 321.324 -661.9264 695.17224 324.6468 -653.02295 712.0062 293.213 -696.6062
695.17224 324.6468 -653.02295 737.55725 324.95874 -672.0436 712.0062 293.213 -696.6062
772.5835 319.29102 -663.7163 744.4829 262.6778 -719.40094 712.0062 293.213 -696.6062
-899.2321 362.59872 -676.71265 -891.4575 304.3854 -703.5418 -924.5681 370.43658 -674.5054
-846.4298 321.4667 -676.2139 -863.37494 225.00229 -736.8684 -891.4575 304.3854 -703.5418
-330.4581 355.2449 -678.50146 -263.3244 389.8156 -698.2313 -319.629 224.1211 -723.926
-98.651306 370.33112 -686.2808 -90.8905 162.0911 -733.5145 -164.0703 118.02681 -755.5712
38.316597 218.9343 -690.09534 63.9089 276.449 -719.4607 12.7311 225.69771 -716.5368
121.0915 307.8133 -701.9166 142.4664 261.5113 -684.83185 154.2442 356.3223 -719.1603
300.2185 192.4173 -702.1787 324.74597 161.43268 -727.865 280.7338 221.70279 -726.048
12.7311 225.69771 -716.5368 41.2675 266.7778 -741.7591 6.7955008 218.5408 -750.41455
63.9089 276.449 -719.4607 89.9208 321.77737 -724.6632 41.2675 266.7778 -741.7591
121.0915 307.8133 -701.9166 129.01569 355.73737 -721.5567 89.9208 321.77737 -724.6632
183.1121 333.4264 -716.2664 213.1154 296.57 -707.09106 199.4139 347.6677 -739.0783
6.7955008 218.5408 -750.41455 41.2675 266.7778 -741.7591 50.868397 278.1535 -773.7247
89.9208 321.77737 -724.6632 105.7248 379.56052 -761.26715 50.868397 278.1535 -773.7247
129.01569 355.73737 -721.5567 142.7084 390.6919 -757.9663 105.7248 379.56052 -761.26715
129.01569 355.73737 -721.5567 154.2442 356.3223 -719.1603 170.84619 387.03598 -766.2676
154.2442 356.3223 -719.1603 199.4139 347.6677 -739.0783 193.78491 367.7042 -762.6206
280.7338 221.70279 -726.048 301.3924 180.5542 -769.2689 263.26086 256.43872 -725.5248
105.7248 379.56052 -761.26715 78.1081 343.5675 -790.63654 50.868397 278.1535 -773.7247
105.7248 379.56052 -761.26715 142.7084 390.6919 -757.9663 78.1081 343.5675 -790.63654
50.868397 278.1535 -773.7247 78.1081 343.5675 -790.63654 43.8917 300.7371 -803.75244
142.7084 390.6919 -757.9663 130.0972 408.8142 -809.65424 106.97189 407.16 -797.30316
170.84619 387.03598 -766.2676 193.78491 367.7042 -762.6206 171.26129 416.3571 -796.04504
193.78491 367.7042 -762.6206 199.4139 347.6677 -739.0783 237.1687 336.712 -818.2514
199.4139 347.6677 -739.0783 249.644 297.8867 -763.79736 263.8596 286.2672 -816.11194
249.644 297.8867 -763.79736 263.26086 256.43872 -725.5248 303.5615 188.2264 -804.90814
263.26086 256.43872 -725.5248 301.3924 180.5542 -769.2689 303.5615 188.2264 -804.90814
-0.2541 198.6271 -784.95514 50.868397 278.1535 -773.7247 43.8917 300.7371 -803.75244
43.8917 300.7371 -803.75244 78.1081 343.5675 -790.63654 67.791405 315.9486 -849.7717
78.1081 343.5675 -790.63654 106.97189 407.16 -797.30316 92.211 376.71606 -817.3882
171.26129 416.3571 -796.04504 155.79031 400.5136 -834.00116 130.0972 408.8142 -809.65424
171.26129 416.3571 -796.04504 193.137 387.79993 -846.405 172.9087 404.9897 -837.0731
171.26129 416.3571 -796.04504 193.78491 367.7042 -762.6206 193.137 387.79993 -846.405
303.5615 188.2264 -804.90814 326.0651 126.4222 -839.20605 291.0271 217.68039 -837.6477
-0.2541 198.6271 -784.95514 43.8917 300.7371 -803.75244 32.8278 242.12502 -864.73865
67.791405 315.9486 -849.7717 92.211 376.71606 -817.3882 94.4699 379.3687 -843.0063
92.211 376.71606 -817.3882 129.19809 413.90448 -838.7625 94.4699 379.3687 -843.0063
263.8596 286.2672 -816.11194 231.5512 322.2844 -853.3684 237.1687 336.712 -818.2514
263.8596 286.2672 -816.11194 291.0271 217.68039 -837.6477 231.5512 322.2844 -853.3684
172.9087 404.9897 -837.0731 193.137 387.79993 -846.405 141.1386 383.8548 -863.64453
32.8278 242.12502 -864.73865 67.791405 315.9486 -849.7717 90.6277 313.1745 -894.25977
67.791405 315.9486 -849.7717 94.4699 379.3687 -843.0063 90.6277 313.1745 -894.25977
193.137 387.79993 -846.405 197.5733 345.72607 -882.5603 141.1386 383.8548 -863.64453
231.5512 322.2844 -853.3684 230.748 275.43948 -895.6636 197.5733 345.72607 -882.5603
291.0271 217.68039 -837.6477 285.7301 201.07118 -878.58594 230.748 275.43948 -895.6636
326.0651 126.4222 -839.20605 320.3553 106.106606 -903.33875 285.7301 201.07118 -878.58594
94.4699 379.3687 -843.0063 141.1386 383.8548 -863.64453 152.5217 323.98688 -906.8895
7.3127995 169.5481 -886.35693 32.8278 242.12502 -864.73865 76.104805 203.7537 -941.6033
90.6277 313.1745 -894.25977 152.5217 323.98688 -906.8895 137.26831 244.7266 -943.1245
197.5733 345.72607 -882.5603 137.26831 244.7266 -943.1245 152.5217 323.98688 -906.8895
197.5733 345.72607 -882.5603 190.10399 273.17508 -922.4885 137.26831 244.7266 -943.1245
90.6277 313.1745 -894.25977 137.26831 244.7266 -943.1245 76.104805 203.7537 -941.6033
230.748 275.43948 -895.6636 207.9468 200.879 -949.9879 190.10399 273.17508 -922.4885
-977.75024 402.51398 938.49194 -960.927 352.59708 999.4109 -925.2747 334.2683 998.9564
-999.92993 429.63882 899.4508 -999.84125 358.30798 1000.12213 -977.75024 402.51398 938.49194
-970.986 440.95618 858.5321 -999.92993 429.63882 899.4508 -941.35626 428.3519 875.0093
-1000.03326 454.49292 817.0747 -999.92993 429.63882 899.4508 -970.986 440.95618 858.5321
-843.9501 367.4062 841.7163 -937.3419 397.88922 923.6927 -874.3877 372.58142 891.8667
-554.32227 367.4207 833.5651 -563.57214 311.1787 879.6052 -518.7347 355.1963 826.0436
-970.986 440.95618 858.5321 -941.35626 428.3519 875.0093 -919.5708 424.42963 833.38855
-563.57214 311.1787 879.6052 -554.32227 367.4207 833.5651 -574.4297 383.599 813.8046
115.16331 384.3909 854.886 173.23401 373.8305 872.32983 152.044 421.22302 794.56
-1000.03326 454.49292 817.0747 -970.986 440.95618 858.5321 -936.12317 436.6922 802.6043
-936.12317 436.6922 802.6043 -970.986 440.95618 858.5321 -919.5708 424.42963 833.38855
116.30591 414.86438 816.50604 115.16331 384.3909 854.886 152.044 421.22302 794.56
-610.9918 319.4581 833.22327 -574.4297 383.599 813.8046 -612.91516 335.24176 793.4834
-543.0948 383.5027 809.55444 -554.32227 367.4207 833.5651 -509.50372 351.9934 790.3508
5.3957996 351.0379 844.96826 9.9372 376.69897 808.0488 -11.795 371.1671 793.6842
41.2756 400.56238 819.00037 70.176 374.8793 826.2684 43.811398 385.00308 792.13245
70.176 374.8793 826.2684 116.30591 414.86438 816.50604 72.2059 411.8418 781.0283
170.07889 417.62946 811.2816 203.409 388.78638 825.51056 214.29779 406.54504 767.8214
214.29779 406.54504 767.8214 203.409 388.78638 825.51056 238.7875 387.7868 810.0725
272.7273 380.57712 797.98004 258.5339 359.91272 829.3405 302.59943 350.3331 791.21826
342.4561 313.0044 797.1355 356.696 292.0964 835.2528 373.73743 284.9288 797.98004
-574.4297 383.599 813.8046 -555.55566 377.7452 797.98004 -579.5708 380.56943 773.73584
-555.69324 397.88712 771.77576 -555.55566 377.7452 797.98004 -536.5906 392.28772 770.5213
-536.5906 392.28772 770.5213 -543.0948 383.5027 809.55444 -509.50372 351.9934 790.3508
-90.7236 302.32 777.8434 -87.2528 320.8289 801.2516 -57.6775 354.1239 773.1185
-87.2528 320.8289 801.2516 -46.279697 347.5785 814.483 -57.6775 354.1239 773.1185
-46.279697 347.5785 814.483 -29.0223 367.07098 812.10626 -57.6775 354.1239 773.1185
-29.0223 367.07098 812.10626 -11.795 371.1671 793.6842 -57.069595 349.00452 742.9309
190.3784 420.4906 774.8764 170.07889 417.62946 811.2816 214.29779 406.54504 767.8214
214.29779 406.54504 767.8214 238.7875 387.7868 810.0725 263.59387 380.6208 767.8595
238.7875 387.7868 810.0725 272.7273 380.57712 797.98004 263.59387 380.6208 767.8595
272.7273 380.57712 797.98004 302.59943 350.3331 791.21826 272.7273 358.60828 777.778
-1000.03326 454.49292 817.0747 -936.12317 436.6922 802.6043 -1000.1889 438.00055 745.3661
-639.517 279.2145 766.1959 -612.91516 335.24176 793.4834 -579.5708 380.56943 773.73584
-576.37146 390.91068 745.60376 -579.5708 380.56943 773.73584 -555.69324 397.88712 771.77576
-90.7236 302.32 777.8434 -57.6775 354.1239 773.1185 -81.1536 335.11002 760.5282
-81.1536 335.11002 760.5282 -57.6775 354.1239 773.1185 -57.069595 349.00452 742.9309
-57.069595 349.00452 742.9309 -11.795 371.1671 793.6842 -28.2164 372.9268 743.73224
33.8307 403.92072 756.0068 43.811398 385.00308 792.13245 76.7301 398.1596 750.5655
72.2059 411.8418 781.0283 116.30591 414.86438 816.50604 76.7301 398.1596 750.5655
116.30591 414.86438 816.50604 152.044 421.22302 794.56 110.4169 394.70242 746.9501
152.044 421.22302 794.56 190.3784 420.4906 774.8764 132.34239 421.4806 756.77075
214.29779 406.54504 767.8214 263.59387 380.6208 767.8595 240.5476 379.7559 759.5951
263.59387 380.6208 767.8595 272.7273 358.60828 777.778 296.4263 344.2826 758.4539
302.59943 350.3331 791.21826 342.4561 313.0044 797.1355 296.4263 344.2826 758.4539
296.4263 344.2826 758.4539 342.4561 313.0044 797.1355 370.0376 299.0402 766.2573
942.9376 329.7442 785.8106 967.08997 311.11108 785.5227 941.17676 306.82 752.3861
-1000.1889 438.00055 745.3661 -932.84546 418.95758 755.66724 -1000.0117 421.14273 719.89453
-932.84546 418.95758 755.66724 -878.35876 395.21042 780.229 -914.4113 381.12338 712.6986
-878.35876 395.21042 780.229 -846.9072 355.2766 757.1083 -914.4113 381.12338 712.6986
-639.517 279.2145 766.1959 -579.5708 380.56943 773.73584 -602.34216 350.56158 732.34106
-602.34216 350.56158 732.34106 -579.5708 380.56943 773.73584 -576.37146 390.91068 745.60376
-555.69324 397.88712 771.77576 -536.5906 392.28772 770.5213 -533.3689 368.9677 731.4968
-536.5906 392.28772 770.5213 -493.3496 347.9953 758.32434 -533.3689 368.9677 731.4968
-105.961 300.6537 745.2307 -81.1536 335.11002 760.5282 -67.4446 287.1424 719.5587
-67.4446 287.1424 719.5587 -81.1536 335.11002 760.5282 -57.069595 349.00452 742.9309
-28.2164 372.9268 743.73224 6.2167997 408.0269 770.22314 45.475395 382.55377 724.3689
33.8307 403.92072 756.0068 76.7301 398.1596 750.5655 73.5262 376.30914 729.0685
132.34239 421.4806 756.77075 190.3784 420.4906 774.8764 130.0477 396.9333 722.9078
214.29779 406.54504 767.8214 240.5476 379.7559 759.5951 216.68588 395.3563 736.0312
240.5476 379.7559 759.5951 263.59387 380.6208 767.8595 252.1636 361.44977 729.55023
263.59387 380.6208 767.8595 296.4263 344.2826 758.4539 252.1636 361.44977 729.55023
296.4263 344.2826 758.4539 370.0376 299.0402 766.2573 317.6698 312.5772 729.1085
-914.4113 381.12338 712.6986 -846.9072 355.2766 757.1083 -897.0745 364.53558 690.6763
-532.8962 364.2077 712.3425 -533.3689 368.9677 731.4968 -494.3802 348.4851 716.9744
-88.9392 283.29547 708.9778 -105.961 300.6537 745.2307 -67.4446 287.1424 719.5587
-67.4446 287.1424 719.5587 -57.069595 349.00452 742.9309 -12.7547 351.4888 720.99084
-12.7547 351.4888 720.99084 -28.2164 372.9268 743.73224 28.7458 352.1643 713.8297
76.7301 398.1596 750.5655 110.4169 394.70242 746.9501 73.5262 376.30914 729.0685
107.796394 370.22913 707.5006 110.4169 394.70242 746.9501 130.0477 396.9333 722.9078
154.5741 386.69742 714.01184 214.29779 406.54504 767.8214 190.9878 368.68048 703.996
214.29779 406.54504 767.8214 216.68588 395.3563 736.0312 190.9878 368.68048 703.996
216.68588 395.3563 736.0312 252.1636 361.44977 729.55023 229.7303 353.96808 717.50415
252.1636 361.44977 729.55023 317.6698 312.5772 729.1085 294.9367 318.4226 706.4828
317.6698 312.5772 729.1085 370.0376 299.0402 766.2573 330.3564 260.6411 698.386
-532.8962 364.2077 712.3425 -494.3802 348.4851 716.9744 -514.3694 311.47202 680.63196
-88.9392 283.29547 708.9778 -67.4446 287.1424 719.5587 -49.3715 259.78778 688.6034
-49.3715 259.78778 688.6034 -67.4446 287.1424 719.5587 -11.4189005 268.7924 672.83167
-11.4189005 268.7924 672.83167 -12.7547 351.4888 720.99084 5.6651998 337.7396 693.6522
45.475395 382.55377 724.3689 73.5262 376.30914 729.0685 49.818096 340.54266 695.79395
49.818096 340.54266 695.79395 73.5262 376.30914 729.0685 107.796394 370.22913 707.5006
130.0477 396.9333 722.9078 154.5741 386.69742 714.01184 134.1208 343.7123 683.82574
229.7303 353.96808 717.50415 252.1636 361.44977 729.55023 235.3112 331.9848 690.9482
252.1636 361.44977 729.55023 294.9367 318.4226 706.4828 235.3112 331.9848 690.9482
-999.9744 377.7345 655.81067 -1000.0117 421.14273 719.89453 -959.8969 390.96378 680.3987
-628.79956 266.1454 686.5149 -586.6108 349.2656 699.516 -565.7717 328.90012 673.9816
-553.0813 370.6273 708.2583 -532.8962 364.2077 712.3425 -565.7717 328.90012 673.9816
-88.9392 283.29547 708.9778 -49.3715 259.78778 688.6034 -105.7225 234.47269 676.9506
5.6651998 337.7396 693.6522 28.7458 352.1643 713.8297 49.818096 340.54266 695.79395
69.8795 307.19458 667.15405 49.818096 340.54266 695.79395 97.7483 315.6022 677.3014
97.7483 315.6022 677.3014 107.796394 370.22913 707.5006 134.1208 343.7123 683.82574
154.5741 386.69742 714.01184 190.9878 368.68048 703.996 156.7274 327.8188 669.8939
294.9367 318.4226 706.4828 330.3564 260.6411 698.386 304.3614 267.51968 676.6772
330.3564 260.6411 698.386 364.70422 262.83432 707.0533 316.1874 255.2077 664.94073
-959.8969 390.96378 680.3987 -914.4113 381.12338 712.6986 -953.1068 353.74988 640.71216
-914.4113 381.12338 712.6986 -897.0745 364.53558 690.6763 -926.86676 327.29648 625.42896
-897.0745 364.53558 690.6763 -868.9607 330.80447 683.1316 -926.86676 327.29648 625.42896
-602.362 239.7339 620.3588 -628.79956 266.1454 686.5149 -578.161 316.4181 653.34564
-578.161 316.4181 653.34564 -565.7717 328.90012 673.9816 -542.9163 322.8968 658.26917
-532.8962 364.2077 712.3425 -514.3694 311.47202 680.63196 -542.9163 322.8968 658.26917
-79.5954 194.4287 651.7534 -105.7225 234.47269 676.9506 -49.3715 259.78778 688.6034
-21.1907 166.4242 619.0795 -49.3715 259.78778 688.6034 -11.4189005 268.7924 672.83167
10.101 242.165 656.5658 5.6651998 337.7396 693.6522 28.8542 253.54509 647.87964
5.6651998 337.7396 693.6522 49.818096 340.54266 695.79395 28.8542 253.54509 647.87964
51.7775 236.2656 642.6458 49.818096 340.54266 695.79395 69.8795 307.19458 667.15405
239.8926 278.20898 662.9625 294.9367 318.4226 706.4828 221.84761 257.2266 633.0463
-578.161 316.4181 653.34564 -542.9163 322.8968 658.26917 -576.6144 272.89258 624.21643
-576.6144 272.89258 624.21643 -542.9163 322.8968 658.26917 -515.1516 294.9904 636.36365
-79.5954 194.4287 651.7534 -49.3715 259.78778 688.6034 -21.1907 166.4242 619.0795
-926.86676 327.29648 625.42896 -828.4685 263.7345 647.8897 -915.2905 293.5113 587.6985
-576.6144 272.89258 624.21643 -515.1516 294.9904 636.36365 -554.5349 268.9853 599.2616
-999.9744 377.7345 655.81067 -953.1068 353.74988 640.71216 -999.8871 299.38358 560.2907
-953.1068 353.74988 640.71216 -926.86676 327.29648 625.42896 -999.8871 299.38358 560.2907
791.8637 494.05542 144.4246 784.87866 438.72064 174.5513 826.8574 462.144 146.72571
824.1879 473.33002 169.948 871.84485 457.69193 172.6394 826.8574 462.144 146.72571
855.16675 503.80493 137.9326 871.84485 457.69193 172.6394 885.7651 480.57132 151.44681
871.84485 457.69193 172.6394 903.7594 467.6212 165.7565 885.7651 480.57132 151.44681
903.7594 467.6212 165.7565 943.42053 392.46933 185.04718 956.0698 411.41748 144.9688
699.43475 385.65182 142.3524 784.87866 438.72064 174.5513 733.8412 407.90768 131.24971
784.87866 438.72064 174.5513 791.8637 494.05542 144.4246 755.7578 449.7282 124.5347
878.48193 532.7777 114.843796 885.7651 480.57132 151.44681 897.14874 514.612 120.32109
897.14874 514.612 120.32109 885.7651 480.57132 151.44681 920.1842 474.239 114.611496
920.1842 474.239 114.611496 903.7594 467.6212 165.7565 937.8021 470.2898 124.0477
937.8021 470.2898 124.0477 903.7594 467.6212 165.7565 956.0698 411.41748 144.9688
733.8412 407.90768 131.24971 755.7578 449.7282 124.5347 737.1144 435.858 106.043304
791.8637 494.05542 144.4246 806.47003 493.98138 128.5581 781.77 474.16998 104.041
806.47003 493.98138 128.5581 855.16675 503.80493 137.9326 819.5238 541.6055 110.68559
755.7578 449.7282 124.5347 781.77 474.16998 104.041 757.5759 481.59753 90.9091
795.04095 537.3917 77.2919 797.98004 514.2748 111.11111 831.88934 518.2685 90.484604
819.5238 541.6055 110.68559 878.48193 532.7777 114.843796 831.88934 518.2685 90.484604
831.88934 518.2685 90.484604 878.48193 532.7777 114.843796 878.59863 526.5106 85.74141
878.48193 532.7777 114.843796 897.14874 514.612 120.32109 878.59863 526.5106 85.74141
901.2799 517.8466 79.4088 897.14874 514.612 120.32109 927.7533 482.9862 87.4581
737.1144 435.858 106.043304 757.5759 481.59753 90.9091 737.3739 455.197 70.7071
757.5759 481.59753 90.9091 781.77 474.16998 104.041 745.2394 462.4863 53.3377
745.2394 462.4863 53.3377 795.04095 537.3917 77.2919 797.98004 542.7999 50.505104
795.04095 537.3917 77.2919 830.3074 581.7132 68.3921 797.98004 542.7999 50.505104
821.3787 541.2306 34.232 830.3074 581.7132 68.3921 862.1395 577.87036 46.949
831.88934 518.2685 90.484604 878.59863 526.5106 85.74141 862.1395 577.87036 46.949
878.1757 578.0036 43.778 878.59863 526.5106 85.74141 898.99 530.11975 50.505104
901.2799 517.8466 79.4088 922.37854 538.0982 58.9301 898.99 530.11975 50.505104
745.2394 462.4863 53.3377 797.98004 542.7999 50.505104 775.1101 559.45667 20.2653
798.3631 522.2677 14.651299 797.98004 542.7999 50.505104 821.3787 541.2306 34.232
821.3787 541.2306 34.232 862.1395 577.87036 46.949 838.3839 583.6721 30.303001
909.191 544.5493 15.763999 898.99 530.11975 50.505104 919.19214 519.9436 30.303001
746.8377 484.62213 11.5137005 746.9809 508.8316 30.181698 775.1101 559.45667 20.2653
818.18207 596.8419 10.101 821.3787 541.2306 34.232 845.44727 538.6259 9.179899
838.3839 583.6721 30.303001 862.1395 577.87036 46.949 845.44727 538.6259 9.179899
845.44727 538.6259 9.179899 862.1395 577.87036 46.949 878.7881 586.2976 10.101
878.1757 578.0036 43.778 909.191 544.5493 15.763999 878.7881 586.2976 10.101
919.19214 519.9436 30.303001 939.3873 515.084 38.9467 909.191 544.5493 15.763999
740.6354 492.9485 -19.7624 746.8377 484.62213 11.5137005 777.778 508.70306 -10.101
775.1101 559.45667 20.2653 798.3631 522.2677 14.651299 777.778 508.70306 -10.101
818.18207 596.8419 10.101 845.44727 538.6259 9.179899 818.51624 563.00806 -10.9422
845.44727 538.6259 9.179899 878.7881 586.2976 10.101 858.58606 583.9912 -10.101
878.7881 586.2976 10.101 909.191 544.5493 15.763999 887.67957 538.85767 -10.416601
887.67957 538.85767 -10.416601 909.191 544.5493 15.763999 942.9839 521.2808 -13.1514
690.1511 380.8621 -30.235802 693.71423 432.04718 -5.7713995 725.848 441.80524 -46.5983
725.848 441.80524 -46.5983 717.17194 430.7306 -10.101 740.6354 492.9485 -19.7624
740.6354 492.9485 -19.7624 777.778 508.70306 -10.101 776.98663 544.582 -31.2874
776.98663 544.582 -31.2874 777.778 508.70306 -10.101 815.63043 528.4999 -50.523903
815.63043 528.4999 -50.523903 818.51624 563.00806 -10.9422 818.1805 567.50964 -30.233099
818.1805 567.50964 -30.233099 818.51624 563.00806 -10.9422 873.72833 578.1444 -37.7282
873.72833 578.1444 -37.7282 858.58606 583.9912 -10.101 890.55005 571.8489 -33.8519
890.55005 571.8489 -33.8519 887.67957 538.85767 -10.416601 918.4265 525.09467 -36.436302
887.67957 538.85767 -10.416601 942.9839 521.2808 -13.1514 918.4265 525.09467 -36.436302
725.848 441.80524 -46.5983 740.6354 492.9485 -19.7624 761.706 477.60193 -52.1192
761.706 477.60193 -52.1192 776.98663 544.582 -31.2874 797.8551 547.08673 -62.1376
815.63043 528.4999 -50.523903 818.1805 567.50964 -30.233099 848.5108 531.0483 -48.819397
-358.325 300.9557 -87.7892 -346.60068 278.83 -41.455997 -313.08997 264.9007 -108.75469
725.848 441.80524 -46.5983 761.706 477.60193 -52.1192 735.80566 467.713 -78.8322
774.81744 484.90088 -72.9254 761.706 477.60193 -52.1192 797.8551 547.08673 -62.1376
815.63043 528.4999 -50.523903 848.5108 531.0483 -48.819397 818.18207 517.5039 -70.7071
838.3839 558.9617 -70.7071 848.5108 531.0483 -48.819397 877.24396 543.9577 -69.9551
873.72833 578.1444 -37.7282 918.4265 525.09467 -36.436302 877.24396 543.9577 -69.9551
918.4265 525.09467 -36.436302 944.2781 482.9434 -48.941696 918.5936 478.9917 -107.870804
944.2781 482.9434 -48.941696 982.5593 443.86108 -57.512497 943.68524 449.3382 -74.1718
-409.25214 328.0753 -86.848404 -393.219 300.13782 -68.1224 -379.6843 329.9742 -109.479706
-346.60068 278.83 -41.455997 -298.7835 240.37149 -65.0598 -313.08997 264.9007 -108.75469
701.76465 362.5103 -99.9552 725.848 441.80524 -46.5983 735.80566 467.713 -78.8322
810.73517 512.3797 -109.7913 797.8551 547.08673 -62.1376 825.6074 536.96643 -91.6
838.3839 558.9617 -70.7071 877.24396 543.9577 -69.9551 825.6074 536.96643 -91.6
877.24396 543.9577 -69.9551 894.80707 481.1876 -87.985306 858.9837 520.8755 -100.154305
943.68524 449.3382 -74.1718 982.5593 443.86108 -57.512497 971.52185 405.92972 -103.412796
982.5593 443.86108 -57.512497 1000.4253 380.94324 -70.05141 971.52185 405.92972 -103.412796
-427.8606 291.2236 -68.4195 -409.25214 328.0753 -86.848404 -437.6046 332.9285 -145.28659
-408.08594 349.91718 -126.9545 -409.25214 328.0753 -86.848404 -379.6843 329.9742 -109.479706
-349.8169 341.07843 -125.1778 -358.325 300.9557 -87.7892 -313.08997 264.9007 -108.75469
715.07336 406.16458 -123.7249 701.76465 362.5103 -99.9552 748.489 464.75647 -106.861404
773.5003 455.8213 -107.8814 774.81744 484.90088 -72.9254 810.73517 512.3797 -109.7913
825.6074 536.96643 -91.6 858.9837 520.8755 -100.154305 810.73517 512.3797 -109.7913
858.9837 520.8755 -100.154305 894.80707 481.1876 -87.985306 864.78955 477.93048 -127.68089
943.68524 449.3382 -74.1718 971.52185 405.92972 -103.412796 937.5882 434.73505 -116.3437
-375.4975 364.1526 -137.61969 -379.6843 329.9742 -109.479706 -349.8169 341.07843 -125.1778
696.0884 347.9229 -138.4905 701.76465 362.5103 -99.9552 715.07336 406.16458 -123.7249
748.489 464.75647 -106.861404 773.5003 455.8213 -107.8814 756.7218 437.77542 -131.22668
781.7556 434.61288 -135.3903 773.5003 455.8213 -107.8814 811.2973 475.8618 -146.4399
811.2973 475.8618 -146.4399 810.73517 512.3797 -109.7913 834.2239 460.6232 -132.48569
834.2239 460.6232 -132.48569 810.73517 512.3797 -109.7913 864.78955 477.93048 -127.68089
864.78955 477.93048 -127.68089 918.5936 478.9917 -107.870804 892.9651 455.23608 -131.9107
937.5882 434.73505 -116.3437 971.52185 405.92972 -103.412796 926.5195 420.1695 -147.8795
-393.1578 383.7979 -157.06169 -408.08594 349.91718 -126.9545 -375.4975 364.1526 -137.61969
-349.8169 341.07843 -125.1778 -313.08997 264.9007 -108.75469 -342.24 317.1607 -176.39499
-342.24 317.1607 -176.39499 -313.08997 264.9007 -108.75469 -281.26782 209.4014 -155.9575
717.2285 339.8796 -162.3564 715.07336 406.16458 -123.7249 748.9206 390.6043 -150.9698
748.9206 390.6043 -150.9698 756.7218 437.77542 -131.22668 788.22235 438.24902 -166.2406
840.09 448.59863 -157.0347 834.2239 460.6232 -132.48569 870.26154 476.52588 -153.08519
892.9651 455.23608 -131.9107 937.5882 434.73505 -116.3437 882.7942 424.3277 -168.685
976.0255 379.2609 -133.7326 1000.0001 361.7659 -131.3131 969.9055 354.8568 -161.9764
-437.41766 315.7548 -190.59 -437.6046 332.9285 -145.28659 -416.933 368.38428 -164.5473
-375.4975 364.1526 -137.61969 -349.8169 341.07843 -125.1778 -342.24 317.1607 -176.39499
-342.24 317.1607 -176.39499 -281.26782 209.4014 -155.9575 -325.16678 255.35431 -188.28409
737.6034 376.0449 -181.88829 748.9206 390.6043 -150.9698 788.22235 438.24902 -166.2406
788.22235 438.24902 -166.2406 781.7556 434.61288 -135.3903 817.031 438.1052 -183.8112
811.2973 475.8618 -146.4399 840.09 448.59863 -157.0347 817.031 438.1052 -183.8112
882.7942 424.3277 -168.685 926.5195 420.1695 -147.8795 898.99 431.47476 -171.71721
-437.41766 315.7548 -190.59 -416.933 368.38428 -164.5473 -397.67682 352.7925 -190.8803
-393.1578 383.7979 -157.06169 -342.24 317.1607 -176.39499 -397.67682 352.7925 -190.8803
789.9881 397.68823 -190.2583 788.22235 438.24902 -166.2406 817.031 438.1052 -183.8112
840.09 448.59863 -157.0347 858.58606 425.90607 -171.71721 837.55646 425.59207 -192.286
858.58606 425.90607 -171.71721 882.7942 424.3277 -168.685 854.0332 430.9792 -199.43082
878.7881 388.3316 -191.91931 882.7942 424.3277 -168.685 902.86804 410.51022 -196.89252
898.99 431.47476 -171.71721 946.60583 385.47205 -142.03061 902.86804 410.51022 -196.89252
946.60583 385.47205 -142.03061 976.0255 379.2609 -133.7326 902.86804 410.51022 -196.89252
-397.67682 352.7925 -190.8803 -342.24 317.1607 -176.39499 -404.5029 277.887 -220.8035
-342.24 317.1607 -176.39499 -325.16678 255.35431 -188.28409 -358.60742 256.8345 -219.74821
817.031 438.1052 -183.8112 837.55646 425.59207 -192.286 804.97736 397.1771 -213.74878
902.86804 410.51022 -196.89252 960.65247 363.3648 -188.4075 923.0554 359.64963 -215.92691
-405.43054 225.28342 -253.2233 -437.41766 315.7548 -190.59 -404.5029 277.887 -220.8035
-325.16678 255.35431 -188.28409 -277.238 187.4972 -205.93568 -294.0834 192.88638 -232.36462
804.97736 397.1771 -213.74878 837.55646 425.59207 -192.286 816.06006 330.246 -255.7482
835.23804 349.097 -246.9673 837.55646 425.59207 -192.286 865.7323 354.75967 -247.6912
854.0332 430.9792 -199.43082 897.5012 385.33432 -212.70781 865.7323 354.75967 -247.6912
-404.5029 277.887 -220.8035 -358.60742 256.8345 -219.74821 -405.43054 225.28342 -253.2233
777.778 243.0022 -474.7475 800.5824 257.5961 -462.7522 786.1484 275.3578 -500.6742
837.29034 230.63942 -497.71887 837.0415 240.58731 -475.2689 860.89844 229.69571 -496.9586
544.214 229.84659 -525.31506 617.50757 310.0743 -499.3071 578.9415 270.38812 -518.0248
634.2447 290.0141 -482.18033 659.33594 334.6197 -515.3042 632.0701 316.7139 -523.4116
692.45044 279.9921 -476.44446 695.157 327.69922 -500.68518 678.67444 335.6836 -519.5599
786.1484 275.3578 -500.6742 800.5824 257.5961 -462.7522 835.04065 251.94858 -545.6451
578.9415 270.38812 -518.0248 617.50757 310.0743 -499.3071 585.6852 316.1484 -549.1857
678.67444 335.6836 -519.5599 695.157 327.69922 -500.68518 717.7246 316.6561 -525.1916
752.5637 329.7327 -539.1674 770.2784 296.2207 -514.12085 811.2983 295.4084 -560.03577
770.2784 296.2207 -514.12085 786.1484 275.3578 -500.6742 811.2983 295.4084 -560.03577
835.04065 251.94858 -545.6451 837.29034 230.63942 -497.71887 867.7466 225.7946 -538.0333
-978.75635 284.0636 -571.445 -960.3041 245.2869 -534.4265 -948.1888 257.04602 -557.18085
-960.3041 245.2869 -534.4265 -915.10986 251.446 -550.67065 -948.1888 257.04602 -557.18085
-915.10986 251.446 -550.67065 -892.833 237.2456 -520.5677 -864.64294 230.3051 -558.9789
-864.64294 230.3051 -558.9789 -863.00507 217.09369 -526.1147 -839.2334 218.31711 -557.63
544.214 229.84659 -525.31506 578.9415 270.38812 -518.0248 558.098 288.7063 -575.0669
632.0701 316.7139 -523.4116 659.33594 334.6197 -515.3042 620.6008 345.56778 -561.1788
659.33594 334.6197 -515.3042 688.1975 352.1745 -548.2348 672.97723 350.6187 -562.7499
688.1975 352.1745 -548.2348 717.7246 316.6561 -525.1916 750.624 326.1731 -564.3384
-1000.77966 255.1366 -546.3727 -978.75635 284.0636 -571.445 -1000.16675 304.712 -583.1239
-163.70209 357.24573 -593.5383 -127.5923 164.8533 -558.45374 -125.36469 351.34128 -610.2582
-125.36469 351.34128 -610.2582 -127.5923 164.8533 -558.45374 -79.341896 232.734 -591.0165
585.6852 316.1484 -549.1857 620.6008 345.56778 -561.1788 558.098 288.7063 -575.0669
620.6008 345.56778 -561.1788 672.97723 350.6187 -562.7499 648.47424 373.3224 -572.8323
672.97723 350.6187 -562.7499 688.1975 352.1745 -548.2348 725.1861 366.8139 -575.4863
750.624 326.1731 -564.3384 752.5637 329.7327 -539.1674 795.79553 322.8947 -591.21954
795.79553 322.8947 -591.21954 752.5637 329.7327 -539.1674 819.63745 326.5528 -598.1666
819.63745 326.5528 -598.1666 811.2983 295.4084 -560.03577 830.5254 300.9639 -578.6865
830.5254 300.9639 -578.6865 835.04065 251.94858 -545.6451 862.2387 258.12732 -572.31006
-972.44275 334.9427 -598.51855 -948.1888 257.04602 -557.18085 -881.23975 355.52002 -634.8297
-881.23975 355.52002 -634.8297 -896.5641 277.86868 -584.45074 -864.64294 230.3051 -558.9789
-246.13791 284.1671 -576.0725 -193.03261 262.8911 -567.9817 -226.45969 467.8703 -614.50146
558.098 288.7063 -575.0669 620.6008 345.56778 -561.1788 577.65 323.56714 -605.1466
620.6008 345.56778 -561.1788 648.47424 373.3224 -572.8323 623.415 367.48712 -592.3223
623.415 367.48712 -592.3223 648.47424 373.3224 -572.8323 670.6333 358.3406 -616.012
670.6333 358.3406 -616.012 648.47424 373.3224 -572.8323 686.0216 379.9561 -597.8021
686.0216 379.9561 -597.8021 672.97723 350.6187 -562.7499 718.48975 358.67242 -600.8159
750.88586 355.1082 -597.0686 750.624 326.1731 -564.3384 773.7078 355.4102 -613.0214
-961.7774 388.5585 -635.2994 -972.44275 334.9427 -598.51855 -936.9659 371.0162 -634.7019
-936.9659 371.0162 -634.7019 -972.44275 334.9427 -598.51855 -881.23975 355.52002 -634.8297
-312.9559 289.24512 -596.0218 -298.35413 284.0857 -579.1526 -316.79858 375.9998 -628.34875
-298.35413 284.0857 -579.1526 -246.13791 284.1671 -576.0725 -293.7115 388.3651 -630.14734
-246.13791 284.1671 -576.0725 -270.8225 435.5691 -631.9623 -293.7115 388.3651 -630.14734
-226.45969 467.8703 -614.50146 -163.70209 357.24573 -593.5383 -177.7142 429.99182 -615.9461
-83.05429 339.9001 -615.9058 -79.341896 232.734 -591.0165 -49.270702 258.2038 -611.49805
605.8406 336.62268 -616.1623 623.415 367.48712 -592.3223 647.87665 334.3423 -632.4251
647.87665 334.3423 -632.4251 623.415 367.48712 -592.3223 670.6333 358.3406 -616.012
795.79553 322.8947 -591.21954 819.63745 326.5528 -598.1666 809.9921 338.7523 -620.2547
819.63745 326.5528 -598.1666 830.5254 300.9639 -578.6865 861.75793 286.2212 -603.0042
-1000.0001 394.9173 -636.36365 -1000.16675 304.712 -583.1239 -961.7774 388.5585 -635.2994
-270.8225 435.5691 -631.9623 -226.45969 467.8703 -614.50146 -244.48831 462.78592 -640.0737
-198.20432 466.3114 -634.1725 -226.45969 467.8703 -614.50146 -177.7142 429.99182 -615.9461
-145.08609 433.5582 -639.6227 -125.36469 351.34128 -610.2582 -91.508194 379.68878 -646.3823
-91.508194 379.68878 -646.3823 -83.05429 339.9001 -615.9058 -48.291203 287.35712 -650.41284
559.27 268.6278 -653.7292 539.3302 279.2702 -591.2815 577.65 323.56714 -605.1466
593.8541 284.5761 -651.15 605.8406 336.62268 -616.1623 616.2256 305.6185 -652.2485
616.2256 305.6185 -652.2485 605.8406 336.62268 -616.1623 647.87665 334.3423 -632.4251
695.17224 324.6468 -653.02295 670.6333 358.3406 -616.012 706.63696 343.0169 -642.65106
718.48975 358.67242 -600.8159 737.3739 339.0312 -616.1617 706.63696 343.0169 -642.65106
773.7078 355.4102 -613.0214 809.9921 338.7523 -620.2547 760.5543 338.8125 -635.3677
-1000.0663 401.34332 -672.38776 -1000.0001 394.9173 -636.36365 -957.9288 400.9928 -655.5226
-957.9288 400.9928 -655.5226 -936.9659 371.0162 -634.7019 -924.5681 370.43658 -674.5054
-924.5681 370.43658 -674.5054 -936.9659 371.0162 -634.7019 -881.3312 363.9427 -660.7089
-846.2869 339.7122 -638.5876 -808.5375 309.0618 -629.3081 -846.4298 321.4667 -676.2139
-316.79858 375.9998 -628.34875 -293.7115 388.3651 -630.14734 -297.56628 410.1918 -663.69696
-293.7115 388.3651 -630.14734 -270.8225 435.5691 -631.9623 -297.56628 410.1918 -663.69696
-212.51471 439.9157 -671.35486 -198.20432 466.3114 -634.1725 -184.79291 455.11288 -650.6769
-184.79291 455.11288 -650.6769 -177.7142 429.99182 -615.9461 -144.75821 429.14993 -656.83606
-145.08609 433.5582 -639.6227 -91.508194 379.68878 -646.3823 -111.11111 379.75342 -656.5658
636.08606 292.79138 -672.5555 647.87665 334.3423 -632.4251 677.61487 321.324 -661.9264
695.17224 324.6468 -653.02295 706.63696 343.0169 -642.65106 737.55725 324.95874 -672.0436
706.63696 343.0169 -642.65106 760.5543 338.8125 -635.3677 737.55725 324.95874 -672.0436
820.0779 305.9983 -670.33704 809.9921 338.7523 -620.2547 848.1751 322.4184 -661.0691
848.1751 322.4184 -661.0691 861.75793 286.2212 -603.0042 881.6194 294.1251 -654.1505
-924.5681 370.43658 -674.5054 -881.3312 363.9427 -660.7089 -899.2321 362.59872 -676.71265
-297.56628 410.1918 -663.69696 -270.8225 435.5691 -631.9623 -247.53302 433.48358 -666.3297
-247.53302 433.48358 -666.3297 -244.48831 462.78592 -640.0737 -212.51471 439.9157 -671.35486
-184.79291 455.11288 -650.6769 -144.75821 429.14993 -656.83606 -171.93161 425.9851 -678.41956
-144.75821 429.14993 -656.83606 -111.11111 379.75342 -656.5658 -121.6828 397.8385 -675.8294
-121.6828 397.8385 -675.8294 -111.11111 379.75342 -656.5658 -98.651306 370.33112 -686.2808
-91.508194 379.68878 -646.3823 -72.5634 361.78137 -660.6739 -98.651306 370.33112 -686.2808
69.973206 247.81052 -697.49255 66.252 228.3703 -658.4942 106.52991 230.4715 -664.7676
612.4712 267.75293 -677.9634 616.2256 305.6185 -652.2485 636.08606 292.79138 -672.5555
772.5835 319.29102 -663.7163 820.0779 305.9983 -670.33704 788.4034 311.5412 -683.56696
-899.2321 362.59872 -676.71265 -846.4298 321.4667 -676.2139 -891.4575 304.3854 -703.5418
-330.4581 355.2449 -678.50146 -325.47632 358.3701 -667.73065 -263.3244 389.8156 -698.2313
-212.51471 439.9157 -671.35486 -184.79291 455.11288 -650.6769 -206.0698 407.9801 -698.1493
-184.79291 455.11288 -650.6769 -171.93161 425.9851 -678.41956 -206.0698 407.9801 -698.1493
-171.93161 425.9851 -678.41956 -121.6828 397.8385 -675.8294 -161.06381 314.97958 -718.71936
-98.651306 370.33112 -686.2808 -72.5634 361.78137 -660.6739 -56.310997 272.5251 -694.60706
183.1121 333.4264 -716.2664 189.3967 231.8747 -677.57446 213.1154 296.57 -707.09106
189.3967 231.8747 -677.57446 214.09833 227.36412 -663.37463 213.1154 296.57 -707.09106
213.1154 296.57 -707.09106 214.09833 227.36412 -663.37463 244.03069 225.13152 -696.8915
244.03069 225.13152 -696.8915 264.7727 203.75969 -676.13025 280.7338 221.70279 -726.048
280.7338 221.70279 -726.048 264.7727 203.75969 -676.13025 300.2185 192.4173 -702.1787
641.2258 264.3388 -704.83 636.08606 292.79138 -672.5555 687.5396 259.6589 -713.0838
687.5396 259.6589 -713.0838 677.61487 321.324 -661.9264 712.0062 293.213 -696.6062
744.4829 262.6778 -719.40094 772.5835 319.29102 -663.7163 788.4034 311.5412 -683.56696
820.0779 305.9983 -670.33704 848.1751 322.4184 -661.0691 798.66956 264.9049 -710.7423
-964.3093 366.1042 -695.40576 -924.5681 370.43658 -674.5054 -959.8772 279.5762 -739.5227
-846.4298 321.4667 -676.2139 -804.9789 312.0685 -661.6404 -863.37494 225.00229 -736.8684
-161.06381 314.97958 -718.71936 -98.651306 370.33112 -686.2808 -164.0703 118.02681 -755.5712
-98.651306 370.33112 -686.2808 -56.310997 272.5251 -694.60706 -90.8905 162.0911 -733.5145
38.316597 218.9343 -690.09534 69.973206 247.81052 -697.49255 63.9089 276.449 -719.4607
69.973206 247.81052 -697.49255 89.9208 321.77737 -724.6632 63.9089 276.449 -719.4607
129.01569 355.73737 -721.5567 121.0915 307.8133 -701.9166 154.2442 356.3223 -719.1603
154.2442 356.3223 -719.1603 142.4664 261.5113 -684.83185 183.1121 333.4264 -716.2664
213.1154 296.57 -707.09106 244.03069 225.13152 -696.8915 263.26086 256.43872 -725.5248
263.26086 256.43872 -725.5248 244.03069 225.13152 -696.8915 280.7338 221.70279 -726.048
-924.5681 370.43658 -674.5054 -891.4575 304.3854 -703.5418 -959.8772 279.5762 -739.5227
12.7311 225.69771 -716.5368 63.9089 276.449 -719.4607 41.2675 266.7778 -741.7591
154.2442 356.3223 -719.1603 183.1121 333.4264 -716.2664 199.4139 347.6677 -739.0783
199.4139 347.6677 -739.0783 213.1154 296.57 -707.09106 249.644 297.8867 -763.79736
41.2675 266.7778 -741.7591 89.9208 321.77737 -724.6632 50.868397 278.1535 -773.7247
89.9208 321.77737 -724.6632 129.01569 355.73737 -721.5567 105.7248 379.56052 -761.26715
142.7084 390.6919 -757.9663 129.01569 355.73737 -721.5567 170.84619 387.03598 -766.2676
170.84619 387.03598 -766.2676 154.2442 356.3223 -719.1603 193.78491 367.7042 -762.6206
249.644 297.8867 -763.79736 213.1154 296.57 -707.09106 263.26086 256.43872 -725.5248
280.7338 221.70279 -726.048 324.74597 161.43268 -727.865 301.3924 180.5542 -769.2689
-0.2541 198.6271 -784.95514 6.7955008 218.5408 -750.41455 50.868397 278.1535 -773.7247
130.0972 408.8142 -809.65424 142.7084 390.6919 -757.9663 170.84619 387.03598 -766.2676
78.1081 343.5675 -790.63654 142.7084 390.6919 -757.9663 106.97189 407.16 -797.30316
130.0972 408.8142 -809.65424 170.84619 387.03598 -766.2676 171.26129 416.3571 -796.04504
237.1687 336.712 -818.2514 199.4139 347.6677 -739.0783 263.8596 286.2672 -816.11194
263.8596 286.2672 -816.11194 249.644 297.8867 -763.79736 303.5615 188.2264 -804.90814
67.791405 315.9486 -849.7717 78.1081 343.5675 -790.63654 92.211 376.71606 -817.3882
92.211 376.71606 -817.3882 106.97189 407.16 -797.30316 130.0972 408.8142 -809.65424
155.79031 400.5136 -834.00116 171.26129 416.3571 -796.04504 172.9087 404.9897 -837.0731
193.137 387.79993 -846.405 193.78491 367.7042 -762.6206 237.1687 336.712 -818.2514
32.8278 242.12502 -864.73865 43.8917 300.7371 -803.75244 67.791405 315.9486 -849.7717
92.211 376.71606 -817.3882 130.0972 408.8142 -809.65424 129.19809 413.90448 -838.7625
129.19809 413.90448 -838.7625 130.0972 408.8142 -809.65424 155.79031 400.5136 -834.00116
263.8596 286.2672 -816.11194 303.5615 188.2264 -804.90814 291.0271 217.68039 -837.6477
94.4699 379.3687 -843.0063 129.19809 413.90448 -838.7625 141.1386 383.8548 -863.64453
129.19809 413.90448 -838.7625 155.79031 400.5136 -834.00116 141.1386 383.8548 -863.64453
155.79031 400.5136 -834.00116 172.9087 404.9897 -837.0731 141.1386 383.8548 -863.64453
193.137 387.79993 -846.405 237.1687 336.712 -818.2514 231.5512 322.2844 -853.3684
291.0271 217.68039 -837.6477 326.0651 126.4222 -839.20605 285.7301 201.07118 -878.58594
193.137 387.79993 -846.405 231.5512 322.2844 -853.3684 197.5733 345.72607 -882.5603
231.5512 322.2844 -853.3684 291.0271 217.68039 -837.6477 230.748 275.43948 -895.6636
90.6277 313.1745 -894.25977 94.4699 379.3687 -843.0063 152.5217 323.98688 -906.8895
141.1386 383.8548 -863.64453 197.5733 345.72607 -882.5603 152.5217 323.98688 -906.8895
197.5733 345.72607 -882.5603 230.748 275.43948 -895.6636 190.10399 273.17508 -922.4885
76.104805 203.7537 -941.6033 32.8278 242.12502 -864.73865 90.6277 313.1745 -894.25977